Leaky ReLu(0.1)

precision = 0.631686037654
recall = 0.970992469699
F1 = 0.76542161508